Coefficients: [9431.08027816]
Intercept: 25864.721055224516
